2019 王子新 男 19 汉 宁夏 88.00 87.00 87.00 89.00 89.00 79.00 86.50 519.00
2015 梁思雨 男 19 汉族 陕西 78.00 89.00 88.00 80.00 90.00 79.00 84.00 504.00
2013 王子扬 男 19 满族 辽宁 78.00 78.00 78.00 78.00 78.00 78.00 78.00 468.00
2012 张刘涛 男 19 汉族 河南 88.00 89.00 89.00 89.00 89.00 89.00 88.83 533.00
2019 王子新 男 19 汉 宁夏 88.00 87.00 87.00 89.00 89.00 79.00 86.50 519.00
2015 梁思雨 男 19 汉族 陕西 78.00 89.00 88.00 80.00 90.00 79.00 84.00 504.00
2013 王子扬 男 19 满族 辽宁 78.00 78.00 78.00 78.00 78.00 78.00 78.00 468.00
2012 张刘涛 男 19 汉族 河南 88.00 89.00 89.00 89.00 89.00 89.00 88.83 533.00
2019 王子新 男 19 汉 宁夏 88.00 87.00 87.00 89.00 89.00 79.00 86.50 519.00
2015 梁思雨 男 19 汉族 陕西 78.00 89.00 88.00 80.00 90.00 79.00 84.00 504.00
2013 王子扬 男 19 满族 辽宁 78.00 78.00 78.00 78.00 78.00 78.00 78.00 468.00
2012 张刘涛 男 19 汉族 河南 88.00 89.00 89.00 89.00 89.00 89.00 88.83 533.00
2019 王子新 男 19 汉 宁夏 88.00 87.00 87.00 89.00 89.00 79.00 86.50 519.00
2015 梁思雨 男 19 汉族 陕西 78.00 89.00 88.00 80.00 90.00 79.00 84.00 504.00
2013 王子扬 男 19 满族 辽宁 78.00 78.00 78.00 78.00 78.00 78.00 78.00 468.00
2012 张刘涛 男 19 汉族 河南 88.00 89.00 89.00 89.00 89.00 89.00 88.83 533.00
